32
168012042 405793661
199071896 710420494
201388575 760194869
318649498 291003916
312493907 383739917
863248477 694069085
610204659 372821463
596467658 626614611
863947440 434142702
761339445 158440296
157502194 549250124
157293854 680427053
940785662 991631531
889919605 507217018
845967741 351315318
250112769 647355333
35612561 813911383
267930746 816438456
293896890 774971633
801966917 784248052
539879529 755833716
839711189 465397416
678418929 941738045
615692073 977513358
352848305 823390664
861853894 452034784
567036228 402302288
405082286 887591536
779207688 112652334
774790059 945709031
25695107 228112703
493634590 888314125
5
4 6 53
12 15 26
18 20 95
25 28 65
19 21 48
